name:Unit_5;
size:12;
vertices:
0,0,0,0,0,0,0,150,150,150,0,0,
0,150,0,0,0,0,150,0,0,150,0,0,
0,0,150,0,0,0,0,0,150,0,0,0,
150,150,150,150,150,0,150,150,150,150,150,0,
0,0,150,0,0,0,150,0,150,0,150,0,
0,0,150,0,0,0,150,150,150,150,150,0,
150,150,150,150,150,0,150,0,150,0,150,0,
0,0,150,0,0,0,150,150,150,150,150,0,
0,0,150,0,0,0,150,0,0,0,150,0,
150,150,150,150,150,0,150,0,0,150,150,0,
0,0,0,0,0,0,0,0,0,0,0,0,
0,0,0,0,0,0,0,0,0,0,0,0;
partmask:
0,0,0,0,0,0,0,2,2,2,0,0,
0,1,0,0,0,0,2,0,0,2,0,0,
0,0,1,0,0,0,0,0,2,0,0,0,
1,0,0,0,0,0,0,0,0,2,2,0,
0,0,0,0,0,0,0,0,0,0,0,0,
0,0,0,0,0,0,0,0,0,0,0,0,
0,0,0,0,0,0,0,0,0,0,0,0,
0,0,0,0,0,0,0,0,0,0,0,0,
0,0,0,0,0,0,0,0,0,0,0,0,
0,0,0,0,0,0,0,0,0,0,0,0,
0,0,0,0,0,0,0,0,0,0,0,0,
0,0,0,0,0,0,0,0,0,0,0,0