name:Unit_3;
size:12;
vertices:
0,0,0,0,0,0,0,0,0,0,0,0,
0,0,0,120,120,120,120,120,0,0,0,0,
0,0,120,120,120,120,120,120,120,0,0,0,
0,0,120,110,0,0,0,0,120,0,0,0,
0,120,110,0,0,0,0,0,0,120,0,0,
0,120,110,0,0,0,0,0,0,120,0,0,
0,120,110,0,0,120,120,0,0,120,0,0,
0,120,110,0,0,0,120,120,0,120,0,0,
0,120,110,0,0,0,0,120,120,0,0,0,
0,0,120,110,110,110,110,120,120,120,0,0,
0,0,0,120,120,120,0,0,120,120,0,0,
0,0,0,0,0,0,0,0,0,0,0,0;
partmask:
0,0,0,0,0,0,0,0,0,0,0,0,
0,0,0,1,1,1,1,1,0,0,0,0,
0,0,1,0,0,0,1,4,4,0,0,0,
0,0,2,2,0,0,0,0,4,0,0,0,
0,2,0,0,0,0,0,0,0,4,0,0,
0,2,0,0,0,0,0,0,0,4,0,0,
0,2,2,0,0,5,5,0,0,4,0,0,
0,3,0,0,0,0,5,5,0,4,0,0,
0,1,3,0,0,0,0,5,0,0,0,0,
0,0,3,0,0,2,2,5,0,5,0,0,
0,0,0,3,3,3,0,0,0,0,0,0,
0,0,0,0,0,0,0,0,0,0,0,0