name:Unit_2;
size:12;
vertices:
0,0,0,0,60,60,60,60,0,0,0,0,
0,0,0,60,60,60,60,60,60,0,0,0,
0,0,60,6,60,60,60,60,6,60,0,0,
0,0,60,6,6,60,60,6,6,60,0,0,
0,60,60,60,60,60,60,60,60,60,60,0,
0,60,60,60,60,60,60,60,60,60,60,0,
0,60,200,200,200,200,200,200,200,200,60,0,
0,60,200,60,60,60,60,60,60,200,60,0,
0,60,200,200,200,200,200,200,200,200,60,0,
0,60,0,60,60,60,0,60,0,60,60,0,
60,0,60,0,60,0,60,60,0,60,0,60,
0,60,0,60,0,60,0,60,0,60,0,60;
partmask:
0,0,0,0,0,0,0,1,0,0,0,0,
0,0,0,1,0,0,0,1,1,0,0,0,
0,0,0,2,0,0,0,1,2,1,0,0,
0,0,1,2,2,0,0,2,2,0,0,0,
0,0,1,0,0,0,0,0,0,0,1,0,
0,1,1,0,0,0,0,0,0,0,1,0,
0,0,3,3,3,3,3,3,3,3,0,0,
0,1,3,0,0,0,0,0,0,3,1,0,
0,0,3,3,3,3,3,3,3,3,0,0,
0,5,0,0,0,1,0,0,0,4,0,0,
5,0,5,0,1,0,1,4,0,4,0,4,
0,5,0,5,0,1,0,4,0,4,0,4