name:Unit_7;
size:12;
vertices:
0,0,0,0,0,10,10,0,0,0,0,0,
0,0,0,0,10,200,200,10,0,0,0,0,
0,0,0,10,200,185,185,185,30,60,0,0,
0,0,10,200,185,185,185,120,185,30,0,0,
0,0,10,200,185,185,185,185,120,185,10,0,
0,0,0,10,10,10,10,30,185,185,10,0,
0,0,0,0,30,60,30,0,10,10,0,0,
0,0,0,30,60,30,0,0,0,0,0,0,
0,0,30,60,30,0,0,0,0,0,0,0,
0,30,60,30,0,0,0,0,0,0,0,0,
30,60,30,0,0,0,0,0,0,0,0,0,
60,30,0,0,0,0,0,0,0,0,0,0;
partmask:
0,0,0,0,0,1,1,0,0,0,0,0,
0,0,0,0,1,2,2,1,0,0,0,0,
0,0,0,1,2,3,3,3,0,0,0,0,
0,0,1,2,3,3,3,0,3,0,0,0,
0,0,1,2,3,3,3,3,0,3,1,0,
0,0,0,1,1,1,1,0,3,3,1,0,
0,0,0,0,0,0,0,0,1,1,0,0,
0,0,0,0,0,0,0,0,0,0,0,0,
0,0,0,0,0,0,0,0,0,0,0,0,
0,0,0,0,0,0,0,0,0,0,0,0,
0,0,0,0,0,0,0,0,0,0,0,0,
0,0,0,0,0,0,0,0,0,0,0,0