name:Unit_1;
size:10;
vertices:
200,200,0,0,0,0,0,200,200,0,
0,200,0,0,0,0,0,0,200,0,
0,60,60,60,60,60,60,60,60,0,
0,60,60,255,60,60,255,60,60,0,
0,60,60,60,60,60,60,60,60,0,
0,60,48,48,48,48,48,48,48,0,
0,60,48,0,48,0,48,0,48,0,
0,60,48,48,48,48,48,48,48,0,
0,60,60,60,60,60,60,60,60,0,
0,8,0,8,0,8,0,8,0,0;
partmask:
0,0,0,0,0,0,0,0,0,0,0,0,
0,0,0,0,0,0,0,0,0,0,0,0,
0,0,0,0,0,0,0,0,0,0,0,0,
0,0,0,0,0,0,0,0,0,0,0,0,
0,0,0,0,0,0,0,0,0,0,0,0,
0,0,0,0,0,0,0,0,0,0,0,0,
0,0,0,0,0,0,0,0,0,0,0,0,
0,0,0,0,0,0,0,0,0,0,0,0,
0,0,0,0,0,0,0,0,0,0,0,0,
0,0,0,0,0,0,0,0,0,0,0,0,
0,0,0,0,0,0,0,0,0,0,0,0,
0,0,0,0,0,0,0,0,0,0,0,0
         